foo|000000000000000000000000000000000000000000000000000000000000000000000000000000000000000000000000000000000000000002147483647|bar
foo|-00000000000000000000000000000000000000000000000000000000000000000000000000000000000000000000000000000000000000002147483648|bar
foo|-00000000000000000000000000000000000000000000000000000000000000000000000000000000000000000000000000000000000000000000091340|bar
foo|000000000000000000000000000000000000000000000000000000000000000000000000000000000000000000000000000000000000000000000091340|bar
foo|000000000000000000000000000000000000000000000000000000000000000000000000000000000000000000000000000000000000000000000000341|bar
foo|000000000000000000000000000000000000000000000000000000000000000000000000000000000000000000000000000000000000000000000000134|bar
foo|-00000000000000000000000000000000000000000000000000000000000000000000000000000000000000000000000000000000000000000987654321|bar
foo|000000000000000000000000000000000000000000000000000000000000000000000000000000000000000000000000000000000000000000987654321|bar
foo|-00000000000000000000000000000000000000000000000000000000000000000000000000000000000000000000000000000000000000000123456789|bar
foo|000000000000000000000000000000000000000000000000000000000000000000000000000000000000000000000000000000000000000000123456789|bar
foo|000000000000000000000000000000000000000000000000000000000000000000000000000000000000000000000000000000000000000000000000131|bar
foo|-00000000000000000000000000000000000000000000000000000000000000000000000000000000000000000000000000000000000000000000000001|bar
foo|000000000000000000000000000000000000000000000000000000000000000000000000000000000000000000000000000000000000000000000000001|bar
foo|000000000000000000000000000000000000000000000000000000000000000000000000000000000000000000000000000000000000000000000000000|bar
 00000000000000000000000000000000000000000000000000000000000000000000000000000000000000000000000000000000000002,147,483,647
-00000000000000000000000000000000000000000000000000000000000000000000000000000000000000000000000000000000000002,147,483,648
-0000000000000000000000000000000000000000000000000000000000000000000000000000000000000000000000000000000000000000000091,340
 0000000000000000000000000000000000000000000000000000000000000000000000000000000000000000000000000000000000000000000091,340
 00000000000000000000000000000000000000000000000000000000000000000000000000000000000000000000000000000000000000000000000341
 00000000000000000000000000000000000000000000000000000000000000000000000000000000000000000000000000000000000000000000000134
-000000000000000000000000000000000000000000000000000000000000000000000000000000000000000000000000000000000000000987,654,321
 000000000000000000000000000000000000000000000000000000000000000000000000000000000000000000000000000000000000000987,654,321
-000000000000000000000000000000000000000000000000000000000000000000000000000000000000000000000000000000000000000123,456,789
 000000000000000000000000000000000000000000000000000000000000000000000000000000000000000000000000000000000000000123,456,789
 00000000000000000000000000000000000000000000000000000000000000000000000000000000000000000000000000000000000000000000000131
-00000000000000000000000000000000000000000000000000000000000000000000000000000000000000000000000000000000000000000000000001
 00000000000000000000000000000000000000000000000000000000000000000000000000000000000000000000000000000000000000000000000001
 00000000000000000000000000000000000000000000000000000000000000000000000000000000000000000000000000000000000000000000000000
+00000000000000000000000000000000000000000000000000000000000000000000000000000000000000000000000000000000000002,147,483,647
-00000000000000000000000000000000000000000000000000000000000000000000000000000000000000000000000000000000000002,147,483,648
-0000000000000000000000000000000000000000000000000000000000000000000000000000000000000000000000000000000000000000000091,340
+0000000000000000000000000000000000000000000000000000000000000000000000000000000000000000000000000000000000000000000091,340
+00000000000000000000000000000000000000000000000000000000000000000000000000000000000000000000000000000000000000000000000341
+00000000000000000000000000000000000000000000000000000000000000000000000000000000000000000000000000000000000000000000000134
-000000000000000000000000000000000000000000000000000000000000000000000000000000000000000000000000000000000000000987,654,321
+000000000000000000000000000000000000000000000000000000000000000000000000000000000000000000000000000000000000000987,654,321
-000000000000000000000000000000000000000000000000000000000000000000000000000000000000000000000000000000000000000123,456,789
+000000000000000000000000000000000000000000000000000000000000000000000000000000000000000000000000000000000000000123,456,789
+00000000000000000000000000000000000000000000000000000000000000000000000000000000000000000000000000000000000000000000000131
-00000000000000000000000000000000000000000000000000000000000000000000000000000000000000000000000000000000000000000000000001
+00000000000000000000000000000000000000000000000000000000000000000000000000000000000000000000000000000000000000000000000001
+00000000000000000000000000000000000000000000000000000000000000000000000000000000000000000000000000000000000000000000000000
2,147,483,647                                                                                                              
-2,147,483,648                                                                                                             
-91,340                                                                                                                    
91,340                                                                                                                     
341                                                                                                                        
134                                                                                                                        
-987,654,321                                                                                                               
987,654,321                                                                                                                
-123,456,789                                                                                                               
123,456,789                                                                                                                
131                                                                                                                        
-1                                                                                                                         
1                                                                                                                          
0                                                                                                                          
                                                                                                              2,147,483,647
                                                                                                             -2,147,483,648
                                                                                                                    -91,340
                                                                                                                     91,340
                                                                                                                        341
                                                                                                                        134
                                                                                                               -987,654,321
                                                                                                                987,654,321
                                                                                                               -123,456,789
                                                                                                                123,456,789
                                                                                                                        131
                                                                                                                         -1
                                                                                                                          1
                                                                                                                          0
                                                                                                                 2147483647
                                                                                                                -2147483648
                                                                                                                 -000091340
                                                                                                                  000091340
                                                                                                                  000000341
                                                                                                                  000000134
                                                                                                                 -987654321
                                                                                                                  987654321
                                                                                                                 -123456789
                                                                                                                  123456789
                                                                                                                  000000131
                                                                                                                 -000000001
                                                                                                                  000000001
                                                                                                                  000000000
                                                                                                                 2147483647
                                                                                                                -2147483648
                                                                                                                 -000091340
                                                                                                                  000091340
                                                                                                                  000000341
                                                                                                                  000000134
                                                                                                                 -987654321
                                                                                                                  987654321
                                                                                                                 -123456789
                                                                                                                  123456789
                                                                                                                  000000131
                                                                                                                 -000000001
                                                                                                                  000000001
                                                                                                                  000000000
                                                                                                                +2147483647
                                                                                                                -2147483648
                                                                                                                 -000091340
                                                                                                                 +000091340
                                                                                                                 +000000341
                                                                                                                 +000000134
                                                                                                                 -987654321
                                                                                                                 +987654321
                                                                                                                 -123456789
                                                                                                                 +123456789
                                                                                                                 +000000131
                                                                                                                 -000000001
                                                                                                                 +000000001
                                                                                                                 +000000000
2147483647                                                                                                                 
-2147483648                                                                                                                
-000091340                                                                                                                 
000091340                                                                                                                  
000000341                                                                                                                  
000000134                                                                                                                  
-987654321                                                                                                                 
987654321                                                                                                                  
-123456789                                                                                                                 
123456789                                                                                                                  
000000131                                                                                                                  
-000000001                                                                                                                 
000000001                                                                                                                  
000000000                                                                                                                  
000000000000000000000000000000000000000000000000000000000000000000000000000000000000000000000000000000000000000002147483647
-00000000000000000000000000000000000000000000000000000000000000000000000000000000000000000000000000000000000000002147483648
-00000000000000000000000000000000000000000000000000000000000000000000000000000000000000000000000000000000000000000000091340
000000000000000000000000000000000000000000000000000000000000000000000000000000000000000000000000000000000000000000000091340
000000000000000000000000000000000000000000000000000000000000000000000000000000000000000000000000000000000000000000000000341
000000000000000000000000000000000000000000000000000000000000000000000000000000000000000000000000000000000000000000000000134
-00000000000000000000000000000000000000000000000000000000000000000000000000000000000000000000000000000000000000000987654321
000000000000000000000000000000000000000000000000000000000000000000000000000000000000000000000000000000000000000000987654321
-00000000000000000000000000000000000000000000000000000000000000000000000000000000000000000000000000000000000000000123456789
000000000000000000000000000000000000000000000000000000000000000000000000000000000000000000000000000000000000000000123456789
000000000000000000000000000000000000000000000000000000000000000000000000000000000000000000000000000000000000000000000000131
-00000000000000000000000000000000000000000000000000000000000000000000000000000000000000000000000000000000000000000000000001
000000000000000000000000000000000000000000000000000000000000000000000000000000000000000000000000000000000000000000000000001
000000000000000000000000000000000000000000000000000000000000000000000000000000000000000000000000000000000000000000000000000
 00000000000000000000000000000000000000000000000000000000000000000000000000000000000000000000000000000000000000002147483647
-00000000000000000000000000000000000000000000000000000000000000000000000000000000000000000000000000000000000000002147483648
-00000000000000000000000000000000000000000000000000000000000000000000000000000000000000000000000000000000000000000000091340
 00000000000000000000000000000000000000000000000000000000000000000000000000000000000000000000000000000000000000000000091340
 00000000000000000000000000000000000000000000000000000000000000000000000000000000000000000000000000000000000000000000000341
 00000000000000000000000000000000000000000000000000000000000000000000000000000000000000000000000000000000000000000000000134
-00000000000000000000000000000000000000000000000000000000000000000000000000000000000000000000000000000000000000000987654321
 00000000000000000000000000000000000000000000000000000000000000000000000000000000000000000000000000000000000000000987654321
-00000000000000000000000000000000000000000000000000000000000000000000000000000000000000000000000000000000000000000123456789
 00000000000000000000000000000000000000000000000000000000000000000000000000000000000000000000000000000000000000000123456789
 00000000000000000000000000000000000000000000000000000000000000000000000000000000000000000000000000000000000000000000000131
-00000000000000000000000000000000000000000000000000000000000000000000000000000000000000000000000000000000000000000000000001
 00000000000000000000000000000000000000000000000000000000000000000000000000000000000000000000000000000000000000000000000001
 00000000000000000000000000000000000000000000000000000000000000000000000000000000000000000000000000000000000000000000000000
+00000000000000000000000000000000000000000000000000000000000000000000000000000000000000000000000000000000000000002147483647
-00000000000000000000000000000000000000000000000000000000000000000000000000000000000000000000000000000000000000002147483648
-00000000000000000000000000000000000000000000000000000000000000000000000000000000000000000000000000000000000000000000091340
+00000000000000000000000000000000000000000000000000000000000000000000000000000000000000000000000000000000000000000000091340
+00000000000000000000000000000000000000000000000000000000000000000000000000000000000000000000000000000000000000000000000341
+00000000000000000000000000000000000000000000000000000000000000000000000000000000000000000000000000000000000000000000000134
-00000000000000000000000000000000000000000000000000000000000000000000000000000000000000000000000000000000000000000987654321
+00000000000000000000000000000000000000000000000000000000000000000000000000000000000000000000000000000000000000000987654321
-00000000000000000000000000000000000000000000000000000000000000000000000000000000000000000000000000000000000000000123456789
+00000000000000000000000000000000000000000000000000000000000000000000000000000000000000000000000000000000000000000123456789
+00000000000000000000000000000000000000000000000000000000000000000000000000000000000000000000000000000000000000000000000131
-00000000000000000000000000000000000000000000000000000000000000000000000000000000000000000000000000000000000000000000000001
+00000000000000000000000000000000000000000000000000000000000000000000000000000000000000000000000000000000000000000000000001
+00000000000000000000000000000000000000000000000000000000000000000000000000000000000000000000000000000000000000000000000000
2147483647                                                                                                                 
-2147483648                                                                                                                
-91340                                                                                                                     
91340                                                                                                                      
341                                                                                                                        
134                                                                                                                        
-987654321                                                                                                                 
987654321                                                                                                                  
-123456789                                                                                                                 
123456789                                                                                                                  
131                                                                                                                        
-1                                                                                                                         
1                                                                                                                          
0                                                                                                                          
2147483647
-2147483648
    -91340
     91340
     00341
     00134
-987654321
 987654321
-123456789
 123456789
     00131
    -00001
     00001
     00000
 2147483647
-2147483648
    -91340
     91340
     00341
     00134
-987654321
 987654321
-123456789
 123456789
     00131
    -00001
     00001
     00000
+2147483647
-2147483648
    -91340
    +91340
    +00341
    +00134
-987654321
+987654321
-123456789
+123456789
    +00131
    -00001
    +00001
    +00000
2147483647
-2147483648
-91340    
91340     
00341     
00134     
-987654321
987654321 
-123456789
123456789 
00131     
-00001    
00001     
00000     
2147483647
-2147483648
-000091340
0000091340
0000000341
0000000134
-987654321
0987654321
-123456789
0123456789
0000000131
-000000001
0000000001
0000000000
 2147483647
-2147483648
-000091340
 000091340
 000000341
 000000134
-987654321
 987654321
-123456789
 123456789
 000000131
-000000001
 000000001
 000000000
+2147483647
-2147483648
-000091340
+000091340
+000000341
+000000134
-987654321
+987654321
-123456789
+123456789
+000000131
-000000001
+000000001
+000000000
2147483647
-2147483648
-91340    
91340     
341       
134       
-987654321
987654321 
-123456789
123456789 
131       
-1        
1         
0         
2147483647
-2147483648
-91340
91340
 341
 134
-987654321
987654321
-123456789
123456789
 131
 -01
  01
  00
 2147483647
-2147483648
-91340
 91340
 341
 134
-987654321
 987654321
-123456789
 123456789
 131
 -01
  01
  00
+2147483647
-2147483648
-91340
+91340
+341
+134
-987654321
+987654321
-123456789
+123456789
+131
 -01
 +01
 +00
2147483647
-2147483648
-91340
91340
341 
134 
-987654321
987654321
-123456789
123456789
131 
-01 
01  
00  
2147483647
-2147483648
-91340
91340
0341
0134
-987654321
987654321
-123456789
123456789
0131
-001
0001
0000
 2147483647
-2147483648
-91340
 91340
 341
 134
-987654321
 987654321
-123456789
 123456789
 131
-001
 001
 000
+2147483647
-2147483648
-91340
+91340
+341
+134
-987654321
+987654321
-123456789
+123456789
+131
-001
+001
+000
2147483647
-2147483648
-91340
91340
341 
134 
-987654321
987654321
-123456789
123456789
131 
-1  
1   
0   
2147483647
-2147483648
-91340
91340
00341
00134
-987654321
987654321
-123456789
123456789
00131
-00001
00001
00000
+000000000000000000000002147483647
-000000000000000000000002147483648
-000000000000000000000000000091340
+000000000000000000000000000091340
+000000000000000000000000000000341
+000000000000000000000000000000134
-000000000000000000000000987654321
+000000000000000000000000987654321
-000000000000000000000000123456789
+000000000000000000000000123456789
+000000000000000000000000000000131
-000000000000000000000000000000001
+000000000000000000000000000000001
+000000000000000000000000000000000
2147483647
-2147483648
-91340
91340
341
134
-987654321
987654321
-123456789
123456789
131
-001
001
000
2147483647
-2147483648
-91340
91340
00341
00134
-987654321
987654321
-123456789
123456789
00131
-00001
00001
00000
2147483647
-2147483648
-91340
91340
00341
00134
-987654321
987654321
-123456789
123456789
00131
-00001
00001
00000
                                  2147483647
                                 -2147483648
                                      -91340
                                       91340
                                         341
                                         134
                                  -987654321
                                   987654321
                                  -123456789
                                   123456789
                                         131
                                          -1
                                           1
                                           0
2147483647
-2147483648
-91340
91340
 341
 134
-987654321
987654321
-123456789
123456789
 131
  -1
   1
   0
2147483647
-2147483648
-91340
91340
 341
 134
-987654321
987654321
-123456789
123456789
 131
  -1
   1
    
2147483647
-2147483648
-91340
91340
 341
 134
-987654321
987654321
-123456789
123456789
 131
  -1
   1
    
00000000000000000000000000000000002147483647
-00000000000000000000000000000000002147483648
-00000000000000000000000000000000000000091340
00000000000000000000000000000000000000091340
00000000000000000000000000000000000000000341
00000000000000000000000000000000000000000134
-00000000000000000000000000000000000987654321
00000000000000000000000000000000000987654321
-00000000000000000000000000000000000123456789
00000000000000000000000000000000000123456789
00000000000000000000000000000000000000000131
-00000000000000000000000000000000000000000001
00000000000000000000000000000000000000000001
00000000000000000000000000000000000000000000
2147483647
-2147483648
-91340
91340
0341
0134
-987654321
987654321
-123456789
123456789
0131
-0001
0001
0000
2147483647
-2147483648
-91340
91340
341
134
-987654321
987654321
-123456789
123456789
131
-1
1

2147483647
-2147483648
-91340
91340
341
134
-987654321
987654321
-123456789
123456789
131
-1
1

2147483647
-2147483648
-91340
91340
341
134
-987654321
987654321
-123456789
123456789
131
-1
1
0
