foo|000000000000000000000000000000000000000000000000000000000000000000000000000000000000000000000000000000000000000004294967295|bar
foo|000000000000000000000000000000000000000000000000000000000000000000000000000000000000000000000000000000000000000000000091340|bar
foo|000000000000000000000000000000000000000000000000000000000000000000000000000000000000000000000000000000000000000000987654321|bar
foo|000000000000000000000000000000000000000000000000000000000000000000000000000000000000000000000000000000000000000000123456789|bar
foo|000000000000000000000000000000000000000000000000000000000000000000000000000000000000000000000000000000000000000000000000341|bar
foo|000000000000000000000000000000000000000000000000000000000000000000000000000000000000000000000000000000000000000000000000134|bar
foo|000000000000000000000000000000000000000000000000000000000000000000000000000000000000000000000000000000000000000000000000131|bar
foo|000000000000000000000000000000000000000000000000000000000000000000000000000000000000000000000000000000000000000000000000001|bar
foo|000000000000000000000000000000000000000000000000000000000000000000000000000000000000000000000000000000000000000000000000000|bar
000000000000000000000000000000000000000000000000000000000000000000000000000000000000000000000000000000000000004,294,967,295
00000000000000000000000000000000000000000000000000000000000000000000000000000000000000000000000000000000000000000000091,340
0000000000000000000000000000000000000000000000000000000000000000000000000000000000000000000000000000000000000000987,654,321
0000000000000000000000000000000000000000000000000000000000000000000000000000000000000000000000000000000000000000123,456,789
000000000000000000000000000000000000000000000000000000000000000000000000000000000000000000000000000000000000000000000000341
000000000000000000000000000000000000000000000000000000000000000000000000000000000000000000000000000000000000000000000000134
000000000000000000000000000000000000000000000000000000000000000000000000000000000000000000000000000000000000000000000000131
000000000000000000000000000000000000000000000000000000000000000000000000000000000000000000000000000000000000000000000000001
000000000000000000000000000000000000000000000000000000000000000000000000000000000000000000000000000000000000000000000000000
000000000000000000000000000000000000000000000000000000000000000000000000000000000000000000000000000000000000004,294,967,295
00000000000000000000000000000000000000000000000000000000000000000000000000000000000000000000000000000000000000000000091,340
0000000000000000000000000000000000000000000000000000000000000000000000000000000000000000000000000000000000000000987,654,321
0000000000000000000000000000000000000000000000000000000000000000000000000000000000000000000000000000000000000000123,456,789
000000000000000000000000000000000000000000000000000000000000000000000000000000000000000000000000000000000000000000000000341
000000000000000000000000000000000000000000000000000000000000000000000000000000000000000000000000000000000000000000000000134
000000000000000000000000000000000000000000000000000000000000000000000000000000000000000000000000000000000000000000000000131
000000000000000000000000000000000000000000000000000000000000000000000000000000000000000000000000000000000000000000000000001
000000000000000000000000000000000000000000000000000000000000000000000000000000000000000000000000000000000000000000000000000
4,294,967,295                                                                                                              
91,340                                                                                                                     
987,654,321                                                                                                                
123,456,789                                                                                                                
341                                                                                                                        
134                                                                                                                        
131                                                                                                                        
1                                                                                                                          
0                                                                                                                          
                                                                                                              4,294,967,295
                                                                                                                     91,340
                                                                                                                987,654,321
                                                                                                                123,456,789
                                                                                                                        341
                                                                                                                        134
                                                                                                                        131
                                                                                                                          1
                                                                                                                          0
                                                                                                                 4294967295
                                                                                                                  000091340
                                                                                                                  987654321
                                                                                                                  123456789
                                                                                                                  000000341
                                                                                                                  000000134
                                                                                                                  000000131
                                                                                                                  000000001
                                                                                                                  000000000
                                                                                                                 4294967295
                                                                                                                  000091340
                                                                                                                  987654321
                                                                                                                  123456789
                                                                                                                  000000341
                                                                                                                  000000134
                                                                                                                  000000131
                                                                                                                  000000001
                                                                                                                  000000000
                                                                                                                 4294967295
                                                                                                                  000091340
                                                                                                                  987654321
                                                                                                                  123456789
                                                                                                                  000000341
                                                                                                                  000000134
                                                                                                                  000000131
                                                                                                                  000000001
                                                                                                                  000000000
4294967295                                                                                                                 
000091340                                                                                                                  
987654321                                                                                                                  
123456789                                                                                                                  
000000341                                                                                                                  
000000134                                                                                                                  
000000131                                                                                                                  
000000001                                                                                                                  
000000000                                                                                                                  
000000000000000000000000000000000000000000000000000000000000000000000000000000000000000000000000000000000000000004294967295
000000000000000000000000000000000000000000000000000000000000000000000000000000000000000000000000000000000000000000000091340
000000000000000000000000000000000000000000000000000000000000000000000000000000000000000000000000000000000000000000987654321
000000000000000000000000000000000000000000000000000000000000000000000000000000000000000000000000000000000000000000123456789
000000000000000000000000000000000000000000000000000000000000000000000000000000000000000000000000000000000000000000000000341
000000000000000000000000000000000000000000000000000000000000000000000000000000000000000000000000000000000000000000000000134
000000000000000000000000000000000000000000000000000000000000000000000000000000000000000000000000000000000000000000000000131
000000000000000000000000000000000000000000000000000000000000000000000000000000000000000000000000000000000000000000000000001
000000000000000000000000000000000000000000000000000000000000000000000000000000000000000000000000000000000000000000000000000
000000000000000000000000000000000000000000000000000000000000000000000000000000000000000000000000000000000000000004294967295
000000000000000000000000000000000000000000000000000000000000000000000000000000000000000000000000000000000000000000000091340
000000000000000000000000000000000000000000000000000000000000000000000000000000000000000000000000000000000000000000987654321
000000000000000000000000000000000000000000000000000000000000000000000000000000000000000000000000000000000000000000123456789
000000000000000000000000000000000000000000000000000000000000000000000000000000000000000000000000000000000000000000000000341
000000000000000000000000000000000000000000000000000000000000000000000000000000000000000000000000000000000000000000000000134
000000000000000000000000000000000000000000000000000000000000000000000000000000000000000000000000000000000000000000000000131
000000000000000000000000000000000000000000000000000000000000000000000000000000000000000000000000000000000000000000000000001
000000000000000000000000000000000000000000000000000000000000000000000000000000000000000000000000000000000000000000000000000
000000000000000000000000000000000000000000000000000000000000000000000000000000000000000000000000000000000000000004294967295
000000000000000000000000000000000000000000000000000000000000000000000000000000000000000000000000000000000000000000000091340
000000000000000000000000000000000000000000000000000000000000000000000000000000000000000000000000000000000000000000987654321
000000000000000000000000000000000000000000000000000000000000000000000000000000000000000000000000000000000000000000123456789
000000000000000000000000000000000000000000000000000000000000000000000000000000000000000000000000000000000000000000000000341
000000000000000000000000000000000000000000000000000000000000000000000000000000000000000000000000000000000000000000000000134
000000000000000000000000000000000000000000000000000000000000000000000000000000000000000000000000000000000000000000000000131
000000000000000000000000000000000000000000000000000000000000000000000000000000000000000000000000000000000000000000000000001
000000000000000000000000000000000000000000000000000000000000000000000000000000000000000000000000000000000000000000000000000
4294967295                                                                                                                 
91340                                                                                                                      
987654321                                                                                                                  
123456789                                                                                                                  
341                                                                                                                        
134                                                                                                                        
131                                                                                                                        
1                                                                                                                          
0                                                                                                                          
4294967295
91340
987654321
123456789
00341
00134
00131
00001
00000
000000000000000000000004294967295
000000000000000000000000000091340
000000000000000000000000987654321
000000000000000000000000123456789
000000000000000000000000000000341
000000000000000000000000000000134
000000000000000000000000000000131
000000000000000000000000000000001
000000000000000000000000000000000
4294967295
91340
987654321
123456789
341
134
131
001
000
4294967295
91340
987654321
123456789
00341
00134
00131
00001
00000
4294967295
91340
987654321
123456789
00341
00134
00131
00001
00000
                                  4294967295
                                       91340
                                   987654321
                                   123456789
                                         341
                                         134
                                         131
                                           1
                                           0
4294967295
91340
987654321
123456789
341
134
131
1
0
foo|000000000000000000000000000000000000000000000000000000000000000000000000000000000000000000000000000000000000000037777777777|bar
foo|000000000000000000000000000000000000000000000000000000000000000000000000000000000000000000000000000000000000000000000262314|bar
foo|000000000000000000000000000000000000000000000000000000000000000000000000000000000000000000000000000000000000000007267464261|bar
foo|000000000000000000000000000000000000000000000000000000000000000000000000000000000000000000000000000000000000000000726746425|bar
foo|000000000000000000000000000000000000000000000000000000000000000000000000000000000000000000000000000000000000000000000000525|bar
foo|000000000000000000000000000000000000000000000000000000000000000000000000000000000000000000000000000000000000000000000000206|bar
foo|000000000000000000000000000000000000000000000000000000000000000000000000000000000000000000000000000000000000000000000000203|bar
foo|000000000000000000000000000000000000000000000000000000000000000000000000000000000000000000000000000000000000000000000000001|bar
foo|000000000000000000000000000000000000000000000000000000000000000000000000000000000000000000000000000000000000000000000000000|bar
                                                                                                               037777777777
                                                                                                                  000262314
                                                                                                                07267464261
                                                                                                                 0726746425
                                                                                                                  000000525
                                                                                                                  000000206
                                                                                                                  000000203
                                                                                                                  000000001
                                                                                                                  000000000
                                                                                                               037777777777
                                                                                                                  000262314
                                                                                                                07267464261
                                                                                                                 0726746425
                                                                                                                  000000525
                                                                                                                  000000206
                                                                                                                  000000203
                                                                                                                  000000001
                                                                                                                  000000000
                                                                                                               037777777777
                                                                                                                  000262314
                                                                                                                07267464261
                                                                                                                 0726746425
                                                                                                                  000000525
                                                                                                                  000000206
                                                                                                                  000000203
                                                                                                                  000000001
                                                                                                                  000000000
037777777777                                                                                                               
000262314                                                                                                                  
07267464261                                                                                                                
0726746425                                                                                                                 
000000525                                                                                                                  
000000206                                                                                                                  
000000203                                                                                                                  
000000001                                                                                                                  
000000000                                                                                                                  
000000000000000000000000000000000000000000000000000000000000000000000000000000000000000000000000000000000000000037777777777
000000000000000000000000000000000000000000000000000000000000000000000000000000000000000000000000000000000000000000000262314
000000000000000000000000000000000000000000000000000000000000000000000000000000000000000000000000000000000000000007267464261
000000000000000000000000000000000000000000000000000000000000000000000000000000000000000000000000000000000000000000726746425
000000000000000000000000000000000000000000000000000000000000000000000000000000000000000000000000000000000000000000000000525
000000000000000000000000000000000000000000000000000000000000000000000000000000000000000000000000000000000000000000000000206
000000000000000000000000000000000000000000000000000000000000000000000000000000000000000000000000000000000000000000000000203
000000000000000000000000000000000000000000000000000000000000000000000000000000000000000000000000000000000000000000000000001
000000000000000000000000000000000000000000000000000000000000000000000000000000000000000000000000000000000000000000000000000
000000000000000000000000000000000000000000000000000000000000000000000000000000000000000000000000000000000000000037777777777
000000000000000000000000000000000000000000000000000000000000000000000000000000000000000000000000000000000000000000000262314
000000000000000000000000000000000000000000000000000000000000000000000000000000000000000000000000000000000000000007267464261
000000000000000000000000000000000000000000000000000000000000000000000000000000000000000000000000000000000000000000726746425
000000000000000000000000000000000000000000000000000000000000000000000000000000000000000000000000000000000000000000000000525
000000000000000000000000000000000000000000000000000000000000000000000000000000000000000000000000000000000000000000000000206
000000000000000000000000000000000000000000000000000000000000000000000000000000000000000000000000000000000000000000000000203
000000000000000000000000000000000000000000000000000000000000000000000000000000000000000000000000000000000000000000000000001
000000000000000000000000000000000000000000000000000000000000000000000000000000000000000000000000000000000000000000000000000
000000000000000000000000000000000000000000000000000000000000000000000000000000000000000000000000000000000000000037777777777
000000000000000000000000000000000000000000000000000000000000000000000000000000000000000000000000000000000000000000000262314
000000000000000000000000000000000000000000000000000000000000000000000000000000000000000000000000000000000000000007267464261
000000000000000000000000000000000000000000000000000000000000000000000000000000000000000000000000000000000000000000726746425
000000000000000000000000000000000000000000000000000000000000000000000000000000000000000000000000000000000000000000000000525
000000000000000000000000000000000000000000000000000000000000000000000000000000000000000000000000000000000000000000000000206
000000000000000000000000000000000000000000000000000000000000000000000000000000000000000000000000000000000000000000000000203
000000000000000000000000000000000000000000000000000000000000000000000000000000000000000000000000000000000000000000000000001
000000000000000000000000000000000000000000000000000000000000000000000000000000000000000000000000000000000000000000000000000
037777777777                                                                                                               
0262314                                                                                                                    
07267464261                                                                                                                
0726746425                                                                                                                 
0525                                                                                                                       
0206                                                                                                                       
0203                                                                                                                       
01                                                                                                                         
0                                                                                                                          
037777777777
0262314
07267464261
0726746425
00525
00206
00203
00001
00000
000000000000000000000037777777777
000000000000000000000000000262314
000000000000000000000007267464261
000000000000000000000000726746425
000000000000000000000000000000525
000000000000000000000000000000206
000000000000000000000000000000203
000000000000000000000000000000001
000000000000000000000000000000000
037777777777
0262314
07267464261
0726746425
0525
0206
0203
001
000
037777777777
0262314
07267464261
0726746425
00525
00206
00203
00001
00000
037777777777
0262314
07267464261
0726746425
00525
00206
00203
00001
00000
                                037777777777
                                     0262314
                                 07267464261
                                  0726746425
                                        0525
                                        0206
                                        0203
                                          01
                                           0
037777777777
0262314
07267464261
0726746425
0525
0206
0203
01
0
                                                                                                                37777777777
                                                                                                                  000262314
                                                                                                                 7267464261
                                                                                                                  726746425
                                                                                                                  000000525
                                                                                                                  000000206
                                                                                                                  000000203
                                                                                                                  000000001
                                                                                                                  000000000
                                                                                                                37777777777
                                                                                                                  000262314
                                                                                                                 7267464261
                                                                                                                  726746425
                                                                                                                  000000525
                                                                                                                  000000206
                                                                                                                  000000203
                                                                                                                  000000001
                                                                                                                  000000000
                                                                                                                37777777777
                                                                                                                  000262314
                                                                                                                 7267464261
                                                                                                                  726746425
                                                                                                                  000000525
                                                                                                                  000000206
                                                                                                                  000000203
                                                                                                                  000000001
                                                                                                                  000000000
37777777777                                                                                                                
000262314                                                                                                                  
7267464261                                                                                                                 
726746425                                                                                                                  
000000525                                                                                                                  
000000206                                                                                                                  
000000203                                                                                                                  
000000001                                                                                                                  
000000000                                                                                                                  
000000000000000000000000000000000000000000000000000000000000000000000000000000000000000000000000000000000000000037777777777
000000000000000000000000000000000000000000000000000000000000000000000000000000000000000000000000000000000000000000000262314
000000000000000000000000000000000000000000000000000000000000000000000000000000000000000000000000000000000000000007267464261
000000000000000000000000000000000000000000000000000000000000000000000000000000000000000000000000000000000000000000726746425
000000000000000000000000000000000000000000000000000000000000000000000000000000000000000000000000000000000000000000000000525
000000000000000000000000000000000000000000000000000000000000000000000000000000000000000000000000000000000000000000000000206
000000000000000000000000000000000000000000000000000000000000000000000000000000000000000000000000000000000000000000000000203
000000000000000000000000000000000000000000000000000000000000000000000000000000000000000000000000000000000000000000000000001
000000000000000000000000000000000000000000000000000000000000000000000000000000000000000000000000000000000000000000000000000
000000000000000000000000000000000000000000000000000000000000000000000000000000000000000000000000000000000000000037777777777
000000000000000000000000000000000000000000000000000000000000000000000000000000000000000000000000000000000000000000000262314
000000000000000000000000000000000000000000000000000000000000000000000000000000000000000000000000000000000000000007267464261
000000000000000000000000000000000000000000000000000000000000000000000000000000000000000000000000000000000000000000726746425
000000000000000000000000000000000000000000000000000000000000000000000000000000000000000000000000000000000000000000000000525
000000000000000000000000000000000000000000000000000000000000000000000000000000000000000000000000000000000000000000000000206
000000000000000000000000000000000000000000000000000000000000000000000000000000000000000000000000000000000000000000000000203
000000000000000000000000000000000000000000000000000000000000000000000000000000000000000000000000000000000000000000000000001
000000000000000000000000000000000000000000000000000000000000000000000000000000000000000000000000000000000000000000000000000
000000000000000000000000000000000000000000000000000000000000000000000000000000000000000000000000000000000000000037777777777
000000000000000000000000000000000000000000000000000000000000000000000000000000000000000000000000000000000000000000000262314
000000000000000000000000000000000000000000000000000000000000000000000000000000000000000000000000000000000000000007267464261
000000000000000000000000000000000000000000000000000000000000000000000000000000000000000000000000000000000000000000726746425
000000000000000000000000000000000000000000000000000000000000000000000000000000000000000000000000000000000000000000000000525
000000000000000000000000000000000000000000000000000000000000000000000000000000000000000000000000000000000000000000000000206
000000000000000000000000000000000000000000000000000000000000000000000000000000000000000000000000000000000000000000000000203
000000000000000000000000000000000000000000000000000000000000000000000000000000000000000000000000000000000000000000000000001
000000000000000000000000000000000000000000000000000000000000000000000000000000000000000000000000000000000000000000000000000
37777777777                                                                                                                
262314                                                                                                                     
7267464261                                                                                                                 
726746425                                                                                                                  
525                                                                                                                        
206                                                                                                                        
203                                                                                                                        
1                                                                                                                          
0                                                                                                                          
37777777777
262314
7267464261
726746425
00525
00206
00203
00001
00000
000000000000000000000037777777777
000000000000000000000000000262314
000000000000000000000007267464261
000000000000000000000000726746425
000000000000000000000000000000525
000000000000000000000000000000206
000000000000000000000000000000203
000000000000000000000000000000001
000000000000000000000000000000000
37777777777
262314
7267464261
726746425
525
206
203
001
000
37777777777
262314
7267464261
726746425
00525
00206
00203
00001
00000
37777777777
262314
7267464261
726746425
00525
00206
00203
00001
00000
                                 37777777777
                                      262314
                                  7267464261
                                   726746425
                                         525
                                         206
                                         203
                                           1
                                           0
37777777777
262314
7267464261
726746425
525
206
203
1
0
foo|0X00000000000000000000000000000000000000000000000000000000000000000000000000000000000000000000000000000000000000000FFFFFFFF|bar
foo|0X00000000000000000000000000000000000000000000000000000000000000000000000000000000000000000000000000000000000000000000164CC|bar
foo|0X000000000000000000000000000000000000000000000000000000000000000000000000000000000000000000000000000000000000000003ADE68B1|bar
foo|0X00000000000000000000000000000000000000000000000000000000000000000000000000000000000000000000000000000000000000000075BCD15|bar
foo|0X0000000000000000000000000000000000000000000000000000000000000000000000000000000000000000000000000000000000000000000000155|bar
foo|0X0000000000000000000000000000000000000000000000000000000000000000000000000000000000000000000000000000000000000000000000086|bar
foo|0X0000000000000000000000000000000000000000000000000000000000000000000000000000000000000000000000000000000000000000000000083|bar
foo|0X0000000000000000000000000000000000000000000000000000000000000000000000000000000000000000000000000000000000000000000000001|bar
foo|000000000000000000000000000000000000000000000000000000000000000000000000000000000000000000000000000000000000000000000000000|bar
                                                                                                                0x0ffffffff
                                                                                                                0x0000164cc
                                                                                                                0x03ade68b1
                                                                                                                0x0075bcd15
                                                                                                                0x000000155
                                                                                                                0x000000086
                                                                                                                0x000000083
                                                                                                                0x000000001
                                                                                                                  000000000
                                                                                                                0x0ffffffff
                                                                                                                0x0000164cc
                                                                                                                0x03ade68b1
                                                                                                                0x0075bcd15
                                                                                                                0x000000155
                                                                                                                0x000000086
                                                                                                                0x000000083
                                                                                                                0x000000001
                                                                                                                  000000000
                                                                                                                0x0ffffffff
                                                                                                                0x0000164cc
                                                                                                                0x03ade68b1
                                                                                                                0x0075bcd15
                                                                                                                0x000000155
                                                                                                                0x000000086
                                                                                                                0x000000083
                                                                                                                0x000000001
                                                                                                                  000000000
0x0ffffffff                                                                                                                
0x0000164cc                                                                                                                
0x03ade68b1                                                                                                                
0x0075bcd15                                                                                                                
0x000000155                                                                                                                
0x000000086                                                                                                                
0x000000083                                                                                                                
0x000000001                                                                                                                
000000000                                                                                                                  
0x00000000000000000000000000000000000000000000000000000000000000000000000000000000000000000000000000000000000000000ffffffff
0x00000000000000000000000000000000000000000000000000000000000000000000000000000000000000000000000000000000000000000000164cc
0x000000000000000000000000000000000000000000000000000000000000000000000000000000000000000000000000000000000000000003ade68b1
0x00000000000000000000000000000000000000000000000000000000000000000000000000000000000000000000000000000000000000000075bcd15
0x0000000000000000000000000000000000000000000000000000000000000000000000000000000000000000000000000000000000000000000000155
0x0000000000000000000000000000000000000000000000000000000000000000000000000000000000000000000000000000000000000000000000086
0x0000000000000000000000000000000000000000000000000000000000000000000000000000000000000000000000000000000000000000000000083
0x0000000000000000000000000000000000000000000000000000000000000000000000000000000000000000000000000000000000000000000000001
000000000000000000000000000000000000000000000000000000000000000000000000000000000000000000000000000000000000000000000000000
0x00000000000000000000000000000000000000000000000000000000000000000000000000000000000000000000000000000000000000000ffffffff
0x00000000000000000000000000000000000000000000000000000000000000000000000000000000000000000000000000000000000000000000164cc
0x000000000000000000000000000000000000000000000000000000000000000000000000000000000000000000000000000000000000000003ade68b1
0x00000000000000000000000000000000000000000000000000000000000000000000000000000000000000000000000000000000000000000075bcd15
0x0000000000000000000000000000000000000000000000000000000000000000000000000000000000000000000000000000000000000000000000155
0x0000000000000000000000000000000000000000000000000000000000000000000000000000000000000000000000000000000000000000000000086
0x0000000000000000000000000000000000000000000000000000000000000000000000000000000000000000000000000000000000000000000000083
0x0000000000000000000000000000000000000000000000000000000000000000000000000000000000000000000000000000000000000000000000001
000000000000000000000000000000000000000000000000000000000000000000000000000000000000000000000000000000000000000000000000000
0x00000000000000000000000000000000000000000000000000000000000000000000000000000000000000000000000000000000000000000ffffffff
0x00000000000000000000000000000000000000000000000000000000000000000000000000000000000000000000000000000000000000000000164cc
0x000000000000000000000000000000000000000000000000000000000000000000000000000000000000000000000000000000000000000003ade68b1
0x00000000000000000000000000000000000000000000000000000000000000000000000000000000000000000000000000000000000000000075bcd15
0x0000000000000000000000000000000000000000000000000000000000000000000000000000000000000000000000000000000000000000000000155
0x0000000000000000000000000000000000000000000000000000000000000000000000000000000000000000000000000000000000000000000000086
0x0000000000000000000000000000000000000000000000000000000000000000000000000000000000000000000000000000000000000000000000083
0x0000000000000000000000000000000000000000000000000000000000000000000000000000000000000000000000000000000000000000000000001
000000000000000000000000000000000000000000000000000000000000000000000000000000000000000000000000000000000000000000000000000
0xffffffff                                                                                                                 
0x164cc                                                                                                                    
0x3ade68b1                                                                                                                 
0x75bcd15                                                                                                                  
0x155                                                                                                                      
0x86                                                                                                                       
0x83                                                                                                                       
0x1                                                                                                                        
0                                                                                                                          
0xffffffff
0x164cc
0x3ade68b1
0x75bcd15
0x00155
0x00086
0x00083
0x00001
00000
0x0000000000000000000000000ffffffff
0x0000000000000000000000000000164cc
0x00000000000000000000000003ade68b1
0x0000000000000000000000000075bcd15
0x000000000000000000000000000000155
0x000000000000000000000000000000086
0x000000000000000000000000000000083
0x000000000000000000000000000000001
000000000000000000000000000000000
0xffffffff
0x164cc
0x3ade68b1
0x75bcd15
0x155
0x086
0x083
0x001
000
0xffffffff
0x164cc
0x3ade68b1
0x75bcd15
0x00155
0x00086
0x00083
0x00001
00000
0xffffffff
0x164cc
0x3ade68b1
0x75bcd15
0x00155
0x00086
0x00083
0x00001
00000
                                  0xffffffff
                                     0x164cc
                                  0x3ade68b1
                                   0x75bcd15
                                       0x155
                                        0x86
                                        0x83
                                         0x1
                                           0
0xffffffff
0x164cc
0x3ade68b1
0x75bcd15
0x155
0x86
0x83
0x1
0
0XFFFFFFFF
0X164CC
0X3ADE68B1
0X75BCD15
0X155
0X86
0X83
0X1
0
                                                                                                                  0ffffffff
                                                                                                                  0000164cc
                                                                                                                  03ade68b1
                                                                                                                  0075bcd15
                                                                                                                  000000155
                                                                                                                  000000086
                                                                                                                  000000083
                                                                                                                  000000001
                                                                                                                  000000000
                                                                                                                  0ffffffff
                                                                                                                  0000164cc
                                                                                                                  03ade68b1
                                                                                                                  0075bcd15
                                                                                                                  000000155
                                                                                                                  000000086
                                                                                                                  000000083
                                                                                                                  000000001
                                                                                                                  000000000
                                                                                                                  0ffffffff
                                                                                                                  0000164cc
                                                                                                                  03ade68b1
                                                                                                                  0075bcd15
                                                                                                                  000000155
                                                                                                                  000000086
                                                                                                                  000000083
                                                                                                                  000000001
                                                                                                                  000000000
0ffffffff                                                                                                                  
0000164cc                                                                                                                  
03ade68b1                                                                                                                  
0075bcd15                                                                                                                  
000000155                                                                                                                  
000000086                                                                                                                  
000000083                                                                                                                  
000000001                                                                                                                  
000000000                                                                                                                  
0000000000000000000000000000000000000000000000000000000000000000000000000000000000000000000000000000000000000000000ffffffff
0000000000000000000000000000000000000000000000000000000000000000000000000000000000000000000000000000000000000000000000164cc
00000000000000000000000000000000000000000000000000000000000000000000000000000000000000000000000000000000000000000003ade68b1
0000000000000000000000000000000000000000000000000000000000000000000000000000000000000000000000000000000000000000000075bcd15
000000000000000000000000000000000000000000000000000000000000000000000000000000000000000000000000000000000000000000000000155
000000000000000000000000000000000000000000000000000000000000000000000000000000000000000000000000000000000000000000000000086
000000000000000000000000000000000000000000000000000000000000000000000000000000000000000000000000000000000000000000000000083
000000000000000000000000000000000000000000000000000000000000000000000000000000000000000000000000000000000000000000000000001
000000000000000000000000000000000000000000000000000000000000000000000000000000000000000000000000000000000000000000000000000
0000000000000000000000000000000000000000000000000000000000000000000000000000000000000000000000000000000000000000000ffffffff
0000000000000000000000000000000000000000000000000000000000000000000000000000000000000000000000000000000000000000000000164cc
00000000000000000000000000000000000000000000000000000000000000000000000000000000000000000000000000000000000000000003ade68b1
0000000000000000000000000000000000000000000000000000000000000000000000000000000000000000000000000000000000000000000075bcd15
000000000000000000000000000000000000000000000000000000000000000000000000000000000000000000000000000000000000000000000000155
000000000000000000000000000000000000000000000000000000000000000000000000000000000000000000000000000000000000000000000000086
000000000000000000000000000000000000000000000000000000000000000000000000000000000000000000000000000000000000000000000000083
000000000000000000000000000000000000000000000000000000000000000000000000000000000000000000000000000000000000000000000000001
000000000000000000000000000000000000000000000000000000000000000000000000000000000000000000000000000000000000000000000000000
0000000000000000000000000000000000000000000000000000000000000000000000000000000000000000000000000000000000000000000ffffffff
0000000000000000000000000000000000000000000000000000000000000000000000000000000000000000000000000000000000000000000000164cc
00000000000000000000000000000000000000000000000000000000000000000000000000000000000000000000000000000000000000000003ade68b1
0000000000000000000000000000000000000000000000000000000000000000000000000000000000000000000000000000000000000000000075bcd15
000000000000000000000000000000000000000000000000000000000000000000000000000000000000000000000000000000000000000000000000155
000000000000000000000000000000000000000000000000000000000000000000000000000000000000000000000000000000000000000000000000086
000000000000000000000000000000000000000000000000000000000000000000000000000000000000000000000000000000000000000000000000083
000000000000000000000000000000000000000000000000000000000000000000000000000000000000000000000000000000000000000000000000001
000000000000000000000000000000000000000000000000000000000000000000000000000000000000000000000000000000000000000000000000000
ffffffff                                                                                                                   
164cc                                                                                                                      
3ade68b1                                                                                                                   
75bcd15                                                                                                                    
155                                                                                                                        
86                                                                                                                         
83                                                                                                                         
1                                                                                                                          
0                                                                                                                          
ffffffff
164cc
3ade68b1
75bcd15
00155
00086
00083
00001
00000
0000000000000000000000000ffffffff
0000000000000000000000000000164cc
00000000000000000000000003ade68b1
0000000000000000000000000075bcd15
000000000000000000000000000000155
000000000000000000000000000000086
000000000000000000000000000000083
000000000000000000000000000000001
000000000000000000000000000000000
ffffffff
164cc
3ade68b1
75bcd15
155
086
083
001
000
ffffffff
164cc
3ade68b1
75bcd15
00155
00086
00083
00001
00000
ffffffff
164cc
3ade68b1
75bcd15
00155
00086
00083
00001
00000
                                    ffffffff
                                       164cc
                                    3ade68b1
                                     75bcd15
                                         155
                                          86
                                          83
                                           1
                                           0
ffffffff
164cc
3ade68b1
75bcd15
155
86
83
1
0
FFFFFFFF
164CC
3ADE68B1
75BCD15
155
86
83
1
0
